1602143852246626816 1610024646385818368
1602143853797630464 1610024644537814016
1602143855975635712 1610024649256825344
1602143857361639168 1610024650246827776
1602143859341643776 1610024654041837056
1602143863103652864 1610024656945844224
1602143864159655424 1610024657902846464
1602143865149657856 1610024659486850304
1602143866073659904 1610024659618850816
1602143866733661696 1610024661796856064
1602143868845666560 1610024664469862656
1602143869505668352 1610024664271862016
1602143870858671360 1610024665690865664
1602143871617673216 1610024667406870016
1602143872508675328 1610024667340869888
1602143889635716608 1610024683609909504
1602143890295718144 1610024684830912512
1602143890988719872 1610024684896912640
1602143891813721856 1610024686348916224
1602143892539723776 1610024687074918144
1602143893331725568 1610024687272918528
1602143894255727872 1610024688790922240
1602143895014729728 1610024688922922496
1602143896169732352 1610024690110925568
1602143897225734912 1610024691232928256
1602143898017736704 1610024692090930176
1602143899997741568 1610024694763936768
1602143900690743296 1610024695423938304
1602143902670747904 1610024696875941888
1602143903990751232 1610024698657946112
1602143904650752768 1610024699647948544
1602143907323759104 1610024701957954304
1602143908907762688 1610024703739958528
1602143909732764672 1610024703871959040
1602143910689766912 1610024704861961216
1602143913296773120 1610024707369967616
1602143913956774656 1610024708227969792
1602143917982784256 1610024712583980288
1602143920655790848 1610024715025986304
1602143922206794496 1610024716246989312
1602143922899796224 1610024716411989504
1602143924879800832 1610024718259994112
1602143926199804160 1610024719909998080
1602143927651807744 1610024721197001216
1602143929697812480 1610024722583004672
1602143930423814144 1610024723705007360
1602143933657821952 1610024726675014656
1602143934317823488 1610024726741014784
1602143935142825472 1610024727929017600
1602143936528828928 1610024728721019648
1602143937419831040 1610024729447021312
1602143938079832832 1610024730041022720
1602143939432835840 1610024731229025792
1602143940125837568 1610024731823027200
1602143940785839104 1610024732813029632
1602143941445840896 1610024733407031040
1602143943491845632 1610024735123035136
1602143944151847168 1610024735783036928
1602143944811848960 1610024736311038208
1602143945471850496 1610024736905039616
1602143947055854336 1610024737763041792
1602143947715855872 1610024738489043712
1602143948474857728 1610024739413045760
1602143949365859840 1610024740271047936
1602143950223862016 1610024740865049344
1602143951642865408 1610024742185052672
1602143953721870336 1610024743373055488
1602143954381871872 1610024743967056896
1602143955800875264 1610024745089059840
1602143957780879872 1610024747168064768
1602143958473881600 1610024747498065408
1602143959133883136 1610024748686068480
1602143961113887744 1610024749874071552
1602143961773889536 1610024750006071808
1602143962433891072 1610024750600073216
1602143963093892608 1610024751128074496
1602143963786894336 1610024752052076800
1602143964446895872 1610024752250077184
1602143966426900736 1610024753834081024
1602143968439905536 1610024755484085248
1602143969759908608 1610024756969088768
1602143971739913472 1610024758586092800
1602143972399915008 1610024758784093184
1602143973059916544 1610024759312094464
1602143974379919872 1610024760797098240
1602143975039921408 1610024760929098496
1602143984279943680 1610024768321116672
1602143984939945216 1610024769179118848
1602143986919950080 1610024770301121536
1602143988536953856 1610024771489124352
1602143989526956288 1610024772611127296
1602143990219958016 1610024773139128576
1602143990879959552 1610024773205128704
1602143991671961088 1610024773832130048
1602143992958964224 1610024775086133248
1602143994278967552 1610024776043135488
1602143995664970752 1610024777165138176
1602143996456972800 1610024777957140224
1602143998436977408 1610024778815142400
1602143999162979328 1610024779739144448
1602143999822980864 1610024780267145984
1602144000548982528 1610024780861147392
1602144001208984064 1610024780993147648
1602144003221988864 1610024782973152512
1602144003881990656 1610024783567153920
1602144004541992192 1610024784227155456
1602144006587997184 1610024785250158080
1602144008568001792 1610024787692164096
1602144012528011264 1610024790365170688
1602144014541016320 1610024792675176192
1602144017940024320 1610024795909184256
1602144019293027584 1610024796701186304
1602144021306032640 1610024799143192064
1602144023286037248 1610024801255197440
1602144032493059328 1610024809934218752
1602144033153061120 1610024810066219008
1602144037806072320 1610024814752230656
1602144041106080256 1610024817326236928
1602144043911086848 1610024819174241536
1602144045231090176 1610024820758245376
1602144045726091264 1610024821088246272
1602144046056092160 1610024820956245760
1602144046716093696 1610024821946248192
1602144049356100096 1610024823860252928
1602144050016101632 1610024824850255360
1602144053481110016 1610024828117263360
1602144054471112448 1610024828612264704
1602144055428114688 1610024829536266752
1602144056451117056 1610024830592269568
1602144057474119680 1610024832044273152
1602144058167121152 1610024832308273664
1602144058827122944 1610024833595276800
1602144060279126272 1610024835212280832
1602144060939127808 1610024835773282304
1602144061665129728 1610024836037282816
1602144062325131264 1610024837291286016
1602144063084133120 1610024838083287808
1602144063744134656 1610024838215288064
1602144064404136192 1610024839403291136
1602144065064137728 1610024839865292288
1602144065724139520 1610024840888294656
1602144066648141568 1610024841581296384
1602144067638144000 1610024841680296704
1602144068628146432 1610024842373298432
1602144070047149824 1610024846597308672
1602144071598153472 1610024850260317696
1602144073083156992 1610024850425318144
1602144074172159744 1610024853725326336
1602144075195162112 1610024852438323200
1602144076515165440 1610024855903331584
1602144077538167808 1610024856101332224
1602144078396169984 1610024858114337024
1602144079914173440 1610024859599340800
1602144080574175232 1610024860259342336
1602144081234176768 1610024860985344000
1602144081960178432 1610024861051344384
1602144082818180608 1610024862371347456
1602144083610182400 1610024863097349376
1602144084270183936 1610024863691350784
1602144084930185728 1610024863757350912
1602144085590187264 1610024865011354112
1602144086283188992 1610024864945353984
1602144086943190528 1610024866364357376
1602144087702192384 1610024866430357504
1602144088560194304 1610024867222359552
1602144089550196736 1610024868773363200
1602144094599208960 1610024873723375360
1602144096249212928 1610024874251376640
1602144096909214464 1610024874845378304
1602144103542230528 1610024881049393408
1602144104235232000 1610024881775395328
1602144105621235456 1610024883689400064
1602144106281236992 1610024884019400704
1602144108987243520 1610024887055408384
1602144110703247616 1610024889563414528
1602144111363249152 1610024890223416320
1602144112683252480 1610024891147418368
1602144115356258816 1610024894051425792
1602144116016260352 1610024895305428736
1602144116676262144 1610024896031430656
1602144117336263936 1610024896790432256
1602144117996265472 1610024896922432768
1602144118656267008 1610024898209435904
1602144125421283328 1610024905634454016
1602144127401287936 1610024907020457472
1602144133176301824 1610024914412475648
1602144134496305152 1610024914742476544
1602144135816308224 1610024916854481664
1602144136476309760 1610024917580483584
1602144142944325376 1610024923157497344
1602144146409333760 1610024927315507456
1602144149115340288 1610024928899511296
1602144155055354624 1610024933915523840
1602144169179388672 1610024946422554624
1602144169839390208 1610024947049556224
1602144170499391744 1610024947082556416
1602144171159393280 1610024948072558848
1602144171819394816 1610024948336559360
1602144172512396544 1610024948864560640
1602144173865399808 1610024950316564224
1602144178650411264 1610024955167576320
1602144187692433152 1610024962460594432
1602144189672438016 1610024964638599936
1602144190992441088 1610024965397601792
1602144215478500352 1610024988035657472
1602144224784522752 1610024995625676288
1602144239502557952 1610025011432715520
1602144241548562944 1610025013676721152
1602144242769565952 1610025014897724160
1602144244782570752 1610025015953726720
1602144246762575616 1610025018065732096
1602144255045595392 1610025028757758208
1602144255705597184 1610025030011761408
1602144256365598976 1610025030077761536
1602144257751602176 1610025031331764736
1602144259896607488 1610025033773770752
1602144261117610240 1610025033707770624
1602144263889617152 1610025034532772608
1602144303390712064 1610025053045818368
1602144307152721152 1610025055355824128
1602144308505724416 1610025056510827008
1602144311442731520 1610025058622832128
1602144312663734528 1610025061328838912
1602144313917737472 1610025062384841472
1602144315237740544 1610025063374843904
1602144316491743488 1610024637904797696
1602144319824751616 1610024646583819008
