1602150845755318784 1620669136124810240
1602150847339322624 1620669137477813504
1602150850078328832 1620669140150819840
1602150851266331648 1620669141206822400
1602150852190333696 1620669141932824064
1602150854500339200 1620669143648828160
1602150855787342336 1620669144539830272
1602150869614375168 1620669146948836096
1602150873739384832 1620669146816835840
1602150875818390016 1620669149192841472
1602150877435393792 1620669149324841728
1602150878821396992 1620669152294848768
1602150880405400832 1620669152921850112
1602150881890404352 1620669179948914176
1602150883408407808 1620669180179914752
1602150886510415360 1620669182918921216
1602150887929418496 1620669185855928064
1602150889282421760 1620669188297934080
1602150897334440960 1620669197768956672
1602150899644446464 1620669202817968640
1602150900700448768 1620669276111142144
1602150901657451264 1620669277662145792
1602150902680453632 1620669280071151360
1602150903703455744 1620669280335152128
1602150904792458496 1620669281457154816
1602150905914461184 1620669283437159424
1602150915517483776 1620669290796176896
1602150917563488512 1620669292116179968
1602150919741493760 1620669293997184768
1602150922579500544 1620669294987186944
1602150949045563136 1620669294888186880
1602150977986631680 1620669300861200896
1602150982540642560 1620669301125201408
1602150989305658624 1620669300267199488
1602150992374665728 1620669300399199744
1602150997720678400 1620669300960201216
1602151029829754368 1620669302742205440
1602151031974759424 1620669305514211840
1602151039069776128 1620669313764231424
1602151042534784256 1620669314391233024
1602151074973861120 1620669315414235392
1602151076458864384 1620669317823240960
1602151082563878912 1620669325611259392
1602151086589888256 1620669332574275840
1602151087546890752 1620669334191279872
1602151088899893760 1620669335973284096
1602151091836900864 1620669338514290176
1602151099789919744 1620669341748297984
1602151106653935872 1620669342639300096
1602151117510961664 1620669342507299584
1602151129357989632 1620669341847298048
1602151132030995968 1620669342771300352
1602151134044000768 1620669343926302976
1602151137344008448 1620669345972307968
1602151138895012096 1620669347127310592
1602151140215015168 1620669349041315072
1602151144208024576 1620669351450320896
1602151148432034816 1620669354156327168
1602151150280039168 1620669355212329728
1602151151336041728 1620669355938331392
1602151154834049792 1620669359469339648
1602151157474056192 1620669359997340928
1602151160972064512 1620669362472346880
1602151165328074752 1620669366828357376
1602151168760082944 1620669365706354688
1602151172489091840 1620669367092357888
1602151174040095488 1620669396462427392
1602151175360098560 1620669397881430784
1602151176416101120 1620669399201433856
1602151177538103808 1620669400620437248
1602151178891106816 1620669402072440832
1602151180178109952 1620669402237441280
1602151187834127872 1620669409299458048
1602151223540212224 1620669412269465088
1602151224794215168 1620669412863466240
1602151227467221760 1620669414282469632
1602151235321240320 1620669419925483264
1602151242581257216 1620669424875494912
1602151243802260224 1620669426327498240
1602151244990263040 1620669426822499584
1602151245980265216 1620669428076502528
1602151246970267648 1620669428604503808
1602151250600276224 1620669431145509888
1602151258322294528 1620669440286531584
1602151259147296512 1620669440979533312
1602151264295308800 1620669459360576768
1602151265714311936 1620669463419586560
1602151266770314496 1620669464013587712
1602151270532323328 1620669468237597952
1602151271522325760 1620669469326600448
1602151272512328192 1620669469029599744
1602151273502330368 1620669469920601856
1602151275746335744 1620669472494607872
1602151276835338496 1620669473517610240
1602151285250358272 1620669475794615808
1602151291751373568 1620669476058616320
1602151294193379328 1620669475233614336
1602151296173383936 1620669476685617920
1602151297823387904 1620669476421617152
1602151299935393024 1620669477147618816
1602151303532401408 1620669478764622848
1602151305314405632 1620669478533622272
1602151306898409472 1620669480249626368
1602151315082428928 1620669484869637376
1602151316930433280 1620669485958639872
1602151318910437888 1620669487641643776
1602151320659441920 1620669488730646528
1602151322705446912 1620669490149649664
1602151326830456832 1620669492888656128
1602151327853459200 1620669493647657984
1602151328843461376 1620669493746658048
1602151329866464000 1620669494340659456
1602151331153466880 1620669495891663104
1602151332803470848 1620669496188663808
1602151334717475328 1620669498135668480
1602151339964487680 1620669501006675456
1602151341350490880 1620669502689679360
1602151347290504960 1620669505560686336
1602151358378531328 1620669511401700096
1602151366859551232 1620669518496717056
1602151368509555200 1620669520641722112
1602151369367557120 1620669520707722240
1602151370423559680 1620669522555726592
1602151372337564160 1620669523974729728
1602151373393566720 1620669524865732096
1602151374779569920 1620669525162732800
1602151376495574016 1620669528033739520
1602151378112577792 1620669527703738624
1602151385735595776 1620669530145744640
1602151389398604544 1620669528594740736
1602151413554661632 1620669530343745024
1602151416623668736 1620669529221742336
1602151418372673280 1620669531300747264
1602151419824676608 1620669541365771264
1602151421045679616 1620669541662771968
1602151428074695936 1620669549120789760
1602151428899697920 1620669549252790016
1602151430219700992 1620669551364794880
1602151430879702528 1620669551232794624
1602151431539704320 1620669552024796672
1602151432925707264 1620669554862803200
1602151433717709312 1620669554664802560
1602151437017716992 1620669559218813440
1602151438997721856 1620669560571816704
1602151453682756608 1620669569646838272
1602151490906844416 1620669577632857344
1602151491797846528 1620669581658866688
1602151496780858368 1620669603471918592
1602151497770860544 1620669605154922496
1602151498826863104 1620669607299927552
1602151499750865152 1620669608454930432
1602151500575867136 1620669608751931136
1602151502489871616 1620669611688937984
1602151503215873536 1620669612480939776
1602151505129878016 1620669613734942720
1602151506119880192 1620669615681947392
1602151507109882880 1620669616506949376
1602151508099885312 1620669617496951552
1602151509089887488 1620669618354953728
1602151509980889600 1620669619278955776
1602151511861894144 1620669620994959872
1602151514897901312 1620669623304965376
1602151515755903232 1620669624063967232
1602151517636907520 1620669625878971648
1602151518560909824 1620669626769973760
1602151520672914944 1620669628980978944
1602151523180920832 1620669631422984704
1602151527371930880 1620669635877995520
1602151529219935232 1620669637825000192
1602151530671938560 1620669639508004096
1602151532024941824 1620669641026007552
1602151533542945536 1620669642808011776
1602151538789957632 1620669650596030208
1602151541561964288 1620669652444034560
1602151550801986048 1620669659968052480
1602151599642101504 1620669662179057664
1602151611390129408 1620669670957078784
1602151614228135936 1620669673729085184
1602151614888137472 1620669673861085696
1602151621224152576 1620669680362100992
1602151622544155904 1620669681715104256
1602151623303157504 1620669682441105920
1602151624623160832 1620669684157109760
1602151625283162368 1620669684388110336
1602151625943163904 1620669685081112064
1602151632279178752 1620669690097124096
1602151634358183680 1620669691219126528
1602151636338188288 1620669692407129344
1602151642080201984 1620669697192141056
1602151643070204416 1620669698314143744
1602151644225207040 1620669699733147136
1602151645512210176 1620669702373153280
1602151646634212864 1620669789427359488
1602151647624215040 1620669789988360960
1602151650561221888 1620669794278371072
1602151652541226752 1620669797908379648
1602151660956246784 1620669804574395648
1602151662342249984 1620669806158399232
1602151663002251520 1620669807511402240
1602151663662253056 1620669808204403968
1602151664388254720 1620669808600404992
1602151669404266496 1620669813088415488
1602151670493269248 1620669814705419264
1602151671846272256 1620669814837419776
1602151673661276672 1620669815629421568
1602151716132377088 1620669816289423104
1602151718640382976 1620669817312425472
1602151720257386752 1620669818665428736
1602151721280389376 1620669820249432576
1602151722336391680 1620669847705497600
1602151723425394432 1620669850906505216
1602151724382396672 1620669852160508160
1602151725537399296 1620669853018510336
1602151729926409728 1620669856846519552
1602151737054426624 1620669863941536000
1602151738407429888 1620669865624540160
1602151744347443712 1620669870970552832
1602151745469446400 1620669871993555200
1602151748934454784 1620669876316565504
1602151750782459136 1620669877933569280
1602151756854473472 1620669883510582784
1602151766325495808 1620669087284694528
1602151767381498368 1620669087944696320
1602151768470500864 1620669088934698496
1602151769427503104 1620669089132699136
1602151770252505088 1620669089924700928
1602151771176507392 1620669090782702848
