1614255920291144192 1620663986231591680
1614255923162150912 1620663994250610688
1614255924713154560 1620663986264591616
1614255926033157632 1620664309137361920
1614255927287160576 1620663995735614208
1614255930587168256 1620664314219374080
1614255932468172800 1620664316364379136
1614255934118176512 1620664001774628608
1614255935438179840 1620664006856640768
1614255937880185344 1620664009397646848
1614255943358198272 1620664016723664128
1614255944447201024 1620664017119665152
1614255947219207424 1620664018967669504
1614255948539210496 1620664020353672960
1614255949562212864 1620664021343675136
1614255950552215296 1620664024313682432
1614255951740218112 1620664025402684928
1614255955766227456 1620664029395694592
1614255961871241984 1620664036688711936
1614255962861244160 1620664037579714048
1614255963851246592 1620664037678714112
1614255971210263552 1620664044938731776
1614255972200265984 1620664046060734464
1614255973157268224 1620664048700740608
1614255976721276672 1620664052561749760
1614255977711279104 1620664053320751616
1614255978899281664 1620664054706755072
1614255980912286464 1620664057214760960
1614255981605288192 1620664056950760448
1614255982331289856 1620664058864764928
1614255983981293824 1620664059656766720
1614255984938296064 1620664060745769472
1614255985895298304 1620664061834771968
1614255986885300480 1620664064276777728
1614255988931305472 1620664066520783104
1614255993518316288 1620664070876793600
1614255996653323520 1620664073879800576
1614256015793368576 1620664094504849920
1614256019753378048 1620664097276856576
1614256024010387968 1620664102523868928
1614256025000390400 1620664105031875072
1614256027706396416 1620664107539880960
1614256028762398976 1620664108166882560
1614256029752401408 1620664110740888576
1614256030742403584 1620664112720893440
1614256031600405760 1620664112918894080
1614256032392407552 1620664122455916800
1614256035626415104 1620664126085925376
1614256036715417600 1620664127438928640
1614256038200421120 1620664128560931328
1614256040477426688 1620664127933929728
1614256042259430912 1620664129352933120
1614256046318440448 1620664134962946560
1614256048430445312 1620664136018949120
1614256050179449344 1620664137239951872
1614256051367452160 1620664136810950912
1614256053644457472 1620664139549957376
1614256054535459584 1620664139021956352
1614256055591462144 1620664139945958400
1614256056548464384 1620664140704960256
1614256057538466560 1620664143839967744
1614256058561469184 1620664143443966720
1614256059518471424 1620664235778187008
1614256060508473600 1620664145258971136
1614256061861476864 1620664146710974464
1614256063049479680 1620664238913194496
1614256067966491392 1620664152947989248
1614256071134498816 1620664156115996928
1614256072949502976 1620664154135992064
1614256074467506688 1620664155158994688
1614256075886510080 1620664157766000896
1614256077173512960 1620664161429009664
1614256078163515392 1620664161528009728
1614256091198545664 1620664175124042496
1614256092914549760 1620664175256042752
1614256094102552576 1620664175388043008
1614256095125554944 1620664175487043328
1614256096313557760 1620664176378045440
1614256099415565056 1620664179777053440
1614256105850580224 1620664186377069312
1614256107434584064 1620664188390074112
1614256108655586816 1620664187367071488
1614256109645589248 1620664190040077824
1614256110602591488 1620664191228080896
1614256111592593664 1620664191690081792
1614256112714596352 1620664192812084480
1614256113737598720 1620664192020082688
1614256115057602048 1620664193109085184
1614256116377605120 1620664195353090560
1614256117829608448 1620664195221090304
1614256119215611648 1620664196112092416
1614256120304614400 1620664198158097408
1614256123274621184 1620664199115099648
1614256125254625792 1620664202250107136
1614256128059632384 1620664204461112320
1614256129577635840 1620664202811108352
1614256130699638528 1620664207332119040
1614256132250642176 1620664207728120064
1614256133438644992 1620664210071125504
1614256134494647552 1620664210170125824
1614256135649650176 1620664212282130944
1614256136639652608 1620664213470133760
1614256137629655040 1620664213272133120
1614256142678667008 1620664219938149120
1614256143734669312 1620664218882146560
1614256144955672320 1620664219806148864
1614256146869676800 1620664222611155712
1614256148585680640 1620664224195159552
1614256150334684672 1620664225251162112
1614256152644690176 1620664132487940608
1614256154822695424 1620664134170944512
1614256156538699264 1620664137041951488
1614256157660701952 1620664137932953600
1614256163072714752 1620664143938967808
1614256163963716864 1620664143245966336
1614256164887718912 1620664144367969024
1614256166009721600 1620664145423971328
1614256171421734400 1620664149119980288
1614256172279736320 1620664242411202816
1614256174325741312 1620664152155987456
1614256175876744704 1620664153871991552
1614256177823749376 1620664156478997760
1614256179671753984 1620664157138999296
1614256181156757248 1620664155455995392
1614256182608760832 1620664160637007616
1614256183862763776 1620664161924010752
1614256184885766144 1620664161825010432
1614256188680775168 1620664166775022592
1614256197524795904 1620664175586043392
